 Searching  13 13  1 near   1779.91432
                                         13 13  0  1291.08136  0.4  1779.91426
                                         14 13  2  1271.45839 45.7  1779.91434

 14 11  4  1373.81934 70.2  1779.91013   14 11  4  1373.81934 70.2  1779.91013

 Searching  13 13  0 near   1779.91432
                                         13 13  1  1291.08136  0.4  1779.91426
                                         14 13  1  1271.45839 45.7  1779.91434

 14 11  3  1373.81934 70.2  1779.91013   14 11  3  1373.81934 70.2  1779.91013
                                                                              

 Searching  14 13  2 near   1799.55943
 13 13  1  1310.72813  8.5  1799.56103   14 13  1  1291.10230  0.1  1799.55825
                                         15 13  3  1270.07490 25.8  1799.55845
 
                                         14 11  3  1393.47109 94.3  1799.56188
                                         15 11  5  1372.42462 85.3  1799.56252

 Searching  14 13  1 near   1799.55943
 13 13  0  1310.72813  8.5  1799.56103   14 13  2  1291.10230  0.1  1799.55825
                                         15 13  2  1270.07490 25.8  1799.55845
 
                                         14 11  4  1393.47109 94.3  1799.56188
                                         15 11  4  1372.42462 85.3  1799.56252
                                                                              
                                         
 Searching  15 13  3 near   1820.60947
 14 13  2  1312.15351 27.3  1820.60946   15 13  2  1291.12571  0.1  1820.60926
                                         16 13  4  1268.69310 23.8  1820.60941

                                         15 11  4  1393.47109 94.3  1820.60899
                                         16 11  6  1371.00830 85.7  1820.60179    
          
 Searching  15 13  2 near   1820.60947
 14 13  1  1312.15351 27.3  1820.60946   15 13  3  1291.12571  0.1  1820.60926
                                         16 13  3  1268.69310 23.8  1820.60941

                                         15 11  5  1393.47109 94.3  1820.60899
                                         16 11  5  1371.00830 85.7  1820.60179
                                                                              

 Searching  16 13  4 near   1843.06822
 15 13  3  1313.58500  9.9  1843.06855   16 13  3  1291.15169  0.2  1843.06800
                                         17 13  5  1267.31317 18.2  1843.06803
                                         
 15 15  1  1194.33291 101.9 1843.07024   16 11  5  1393.47109 94.3  1843.06458
                                         17 11  7  1369.61151 86.2  1843.07010
 
 Searching  16 13  3 near   1843.06822
 15 13  2  1313.58500  9.9  1843.06855   16 13  4  1291.15169  0.2  1843.06800
                                         17 13  4  1267.31317 18.2  1843.06803

 15 15  0  1194.33291 101.9 1843.07024   16 11  6  1393.47109 94.3  1843.06458
                                         17 11  6  1369.61151 86.2  1843.07010
                                                                              

 Searching  17 13  5 near   1866.93479
 16 13  4  1315.01779  2.0  1866.93410   17 13  4  1291.17988  1.6  1866.93474
                                         18 13  6  1265.93490 16.1  1866.93478

 16 15  2  1195.77852 103.4 1866.93104   17 11  6  1393.47109 94.3  1866.92968 
 16 15  2  1195.78737 106.5 1866.93989   18 11  8  1368.19431 88.9  1866.92860 
                                         
 Searching  17 13  4 near   1866.93479
 16 13  3  1315.01779  2.0  1866.93410   17 13  5  1291.17988  1.6  1866.93474
                                         18 13  5  1265.93490 16.1  1866.93478

 16 15  1  1195.77852 103.4 1866.93104   17 11  7  1393.47109 94.3  1866.92968 
 16 15  1  1195.78737 106.5 1866.93989   18 11  7  1368.19431 88.9  1866.92860
                                                                              
                                        
 Searching  18 13  6 near   1892.21082
 17 13  5  1316.45512 16.3  1892.20998   18 13  5  1291.21060  1.9  1892.21048
                                         19 13  7  1264.55148  1.9  1892.20356
                                         
 17 15  3  1197.23925100.2  1892.21022   18 11  7  1393.47109 94.3  1892.20538
                                         19 11  9  1366.78724 13.2  1892.20900
                                         
 Searching  18 13  5 near   1892.21082
 17 13  4  1316.45512 16.3  1892.20998   18 13  6  1291.21060  1.9  1892.21048
                                         19 13  6  1264.55148  1.9  1892.20356
                                                                                
 17 15  2  1197.23925100.2  1892.21022   18 11  8  1393.47109 94.3  1892.20538
                                         19 11  8  1366.78724 13.2  1892.20900
                                                                              
                                         
 Searching  19 13  7 near   1918.89616
 18 13  6  1317.89620 17.8  1918.89608   19 13  6  1291.24395  5.4  1918.89603
                                         20 13  8  1263.18412 14.6  1918.89634

 18 15  4  1198.70682 101.3 1918.89993   19 11  8  1393.47109 94.3  1918.89285   
                                         20 11 10  1365.37153 84.6  1918.89375

 Searching  19 13  6 near   1918.89616
 18 13  5  1317.89620 17.8  1918.89608   19 13  7  1291.24395  5.4  1918.89603
                                         20 13  7  1263.18412 14.6  1918.89634

 18 15  3  1198.70682 101.3 1918.89993   19 11  9  1393.47109 94.3  1918.89285
                                         20 11  9  1365.37153 84.6  1918.89375
                                                                              
                                         
 Searching  20 13  8 near   1946.99253
 19 13  7  1319.34043  7.1  1946.99251   20 13  7  1291.28003  8.1  1946.99225
           1.447                         21 13  9  1261.81127 14.2  1946.99237
 
 19 15  5  1200.17341 100.7 1946.99278   20 11  9  1393.47109 94.3  1946.99331
                                         21 11 11  1363.95743 39.8  1946.99439
                                         
 Searching  20 13  7 near   1946.99253
 19 13  6  1319.34043  7.1  1946.99251   20 13  8  1291.28003  8.1  1946.99225
                                         21 13  8  1261.81127 14.2  1946.99237
                                         
 19 15  4  1200.17341 100.7 1946.99278   20 11 10  1393.47109 94.3  1946.99331
                                         21 11 10  1363.95743 39.8  1946.99439
                                                                              
                                         
 Searching  21 13  9 near   1976.49996
 20 13  8  1320.78780 20.0  1976.50002   21 13  8  1291.31849 10.8  1976.49959
           1.450                         22 13 10  1260.44028 16.8  1976.49982
                                         
 20 15  6  1201.64912 101.3 1976.49934   21 11 10  1393.47109 94.3  1976.50805
                                         22 11 12  1362.53428 51.0  1976.50163
                                         
 Searching  21 13  8 near   1976.49996
 20 13  7  1320.78780 20.0  1976.50002   21 13  9  1291.31849 10.8  1976.49959
                                         22 13  9  1260.44028 16.8  1976.49982
                                         
 20 15  5  1201.64912 101.3 1976.49934   21 11 11  1393.47109 94.3  1976.50805
                                         22 11 11  1362.53428 51.0  1976.50163
                                                                              
                                         
 Searching  22 13 10 near   2007.41939
 21 13  9  1322.23845 24.4  2007.41955   22 13  9  1291.35964  9.2  2007.41918
           1.4525                        23 13 11  1259.07104 20.1  2007.41947
                                         
 21 15  7  1203.13503 98.7  2007.42118   22 11 11  1393.45488 91.4  2007.42223
                                         23 11 13  1361.09798 83.9  2007.41281
  
 Searching  23 13 11 near   2039.75125
 22 13 10  1323.69196 19.8  2039.75150   23 13 10  1291.40258 13.5  2039.75101
           1.453                         24 13 12  1257.70244 21.6  2039.75111

 22 15  8  1204.62597 97.7  2039.75364   23 11 12  1393.44490 90.5  2039.75973
                                         24 11 14  1359.67313 71.9  2039.75401
                                                                                                                       
                                         
 Searching  24 13 12 near   2073.49326
 23 13 11  1325.14503 30.9  2073.49346   24 13 11  1291.44429 21.5  2073.49296
           1.432                         25 13 13  1256.33221 23.4  2073.49343
                                         
 23 15  9  1206.11270100.5  2073.48801   24 11 13  1393.41502 93.6  2073.49590
                                         25 11 15  1358.22148 70.7  2073.48857                                                                              
 
 Searching  25 13 13 near   2108.65730
 24 13 12  1326.57770 37.6  2108.62637   25 13 12  1291.46539 25.9  2108.62661
                                         26 13 14  1254.93908 28.6  2108.62615
 