  1   1   1 1291.26083 0.068000	  2   1   1 1288.11753 0.136000	  2   1   1 1288.11753 0.136000	  3   1   3 1284.69645 0.013000	  3   3   1 1267.01076 0.277000	  3   3   0 1270.95434 0.723000	  3   3   1 1276.18660 0.014000	  9   3   6 1266.30390 0.591000	 10   3   8 1252.53979 0.767000	 13   3  10 1258.38399 0.696000	 15   3  13 1277.11876 0.584000	 17   1  16 1269.71375 0.117000	
  2   1   2 1292.56859 0.020000	  3   1   2 1287.60347 0.246000	                             	  4   1   4 1283.39527 -0.004000	  4   3   2 1265.33421 0.480000	  4   3   1 1270.56314 0.107000	  4   3   2 1277.09848 0.673000	                             	 11   3   9 1249.87891 0.806000	                             	                             	                             	
  3   1   3 1293.86866 0.001000	  4   1   3 1286.91853 0.371000	                             	  5   1   5 1282.10234 0.008000	  5   3   3 1263.54312 0.016000	  5   3   2 1270.05278 0.357000	  5   3   3 1277.87336 0.440000	                             	                             	                             	                             	                             	
  4   1   4 1295.16005 0.011000	  5   1   4 1286.06828 0.187000	                             	  6   1   6 1280.81829 0.014000	  6   3   4 1261.61604 0.351000	  6   3   3 1269.39180 0.734000	  6   3   4 1278.51103 0.009000	                             	                             	                             	                             	                             	
  5   1   5 1296.44081 0.007000	  6   1   5 1285.05296 0.071000	                             	  7   1   7 1279.54280 0.003000	  7   3   5 1259.56722 0.007000	  7   3   4 1268.57373 0.014000	  7   3   5 1279.00290 0.006000	                             	                             	                             	                             	                             	
  6   1   6 1297.71141 0.007000	  7   1   6 1283.90113 0.481000	                             	  8   1   8 1278.27583 0.015000	  8   3   6 1257.37542 0.267000	  8   3   5 1267.55516 0.713000	  8   3   6 1279.31669 0.015000	                             	                             	                             	                             	                             	
  7   1   7 1298.97139 0.010000	  8   1   7 1282.61739 0.505000	                             	  9   1   9 1277.01607 0.004000	  9   3   7 1255.03398 0.624000	  9   3   6 1266.29083 0.585000	  9   3   7 1279.47447 0.040000	                             	                             	                             	                             	                             	
  8   1   8 1300.22236 0.008000	  9   1   8 1281.23211 0.438000	                             	 10   1  10 1275.76218 0.009000	 10   3   8 1252.52012 0.574000	 10   3   7 1264.77888 0.013000	 10   3   8 1279.47447 0.040000	                             	                             	                             	                             	                             	
  9   1   9 1301.46465 0.005000	 10   1   9 1279.76864 0.055000	                             	 11   1  11 1274.51308 0.010000	 11   3   9 1249.87170 0.784000	 11   3   8 1262.96664 0.652000	 11   3   9 1279.29564 0.397000	                             	                             	                             	                             	                             	
 10   1  10 1302.70007 0.016000	 11   1  10 1278.28392 0.460000	                             	 12   1  12 1273.26821 0.004000	 12   3  10 1247.06693 0.154000	 12   3   9 1260.84262 0.670000	 12   3  10 1278.96244 0.442000	                             	                             	                             	                             	                             	
 11   1  11 1303.93062 0.004000	 12   1  11 1276.78730 0.511000	                             	 13   1  13 1272.02493 0.023000	 13   3  11 1244.12428 0.497000	 13   3  10 1258.36999 0.560000	 13   3  11 1278.48177 0.706000	                             	                             	                             	                             	                             	
 12   1  12 1305.15696 0.004000	 13   1  12 1275.30998 0.534000	                             	 14   1  14 1270.78360 0.001000	 14   3  12 1241.04544 0.846000	 14   3  11 1255.57717 -0.002000	 14   3  12 1277.87336 0.440000	                             	                             	                             	                             	                             	
 13   1  13 1306.38216 -0.001000	 14   1  13 1273.86850 0.300000	                             	 15   1  15 1269.54793 0.012000	 15   3  13 1237.85169 0.750000	 15   3  12 1252.48084 0.783000	 15   3  13 1277.09848 0.673000	                             	                             	                             	                             	                             	
 14   1  14 1307.61466 0.016000	 15   1  14 1272.46979 0.426000	                             	 16   1  16 1268.31794 0.545000	 16   3  14 1234.54528 0.943000	 16   3  13 1249.04518 0.851000	 16   3  14 1276.22910 0.639000	                             	                             	                             	                             	                             	
 15   1  15 1308.80548 -0.001000	 16   1  15 1271.07574 0.644000	                             	 17   1  17 1267.05408 -0.003000	 17   3  15 1231.11792 0.939000	 17   3  14 1245.35531 0.798000	                             	                             	                             	                             	                             	                             	
 16   1  16 1309.99688 0.002000	 17   1  16 1269.70482 0.515000	                             	 18   1  18 1265.79002 0.008000	 18   3  16 1227.61682 0.948000	                             	                             	                             	                             	                             	                             	                             	
